name, temp, time, distance
Earth,57.65,20000,149998824167.16428
Earth,57.65,20000,149997655218.30243
Earth,57.65,20000,149996493172.0015
Earth,57.65,20000,149995338046.7484
Earth,57.66,20000,149994189860.92966
Earth,57.66,20000,149993048632.8309
Earth,57.66,20000,149991914380.6365
Earth,57.66,20000,149990787122.42935
Earth,57.66,20000,149989666876.1901
Earth,57.66,20000,149988553659.79727
Earth,57.67,20000,149987447491.02628
Earth,57.67,20000,149986348387.54944
Earth,57.67,20000,149985256366.93524
Earth,57.67,20000,149984171446.64816
Earth,57.67,20000,149983093644.0481
Earth,57.68,20000,149982022976.3897
Earth,57.68,20000,149980959460.82248
Earth,57.68,20000,149979903114.3897
Earth,57.68,20000,149978853954.02838
Earth,57.68,20000,149977811996.5685
Earth,57.69,20000,149976777258.73285
Earth,57.69,20000,149975749757.13608
Earth,57.69,20000,149974729508.2848
Earth,57.69,20000,149973716528.57654
Earth,57.69,20000,149972710834.29956
Earth,57.69,20000,149971712441.6324
Earth,57.70,20000,149970721366.64316
Earth,57.70,20000,149969737625.28912
Earth,57.70,20000,149968761233.41626
Earth,57.70,20000,149967792206.75864
Earth,57.70,20000,149966830560.9381
Earth,57.70,20000,149965876311.4636
Earth,57.71,20000,149964929473.73065
Earth,57.71,20000,149963990063.021
Earth,57.71,20000,149963058094.50204
Earth,57.71,20000,149962133583.2263
Earth,57.71,20000,149961216544.1309
Earth,57.71,20000,149960306992.03714
Earth,57.72,20000,149959404941.64996
Earth,57.72,20000,149958510407.55746
Earth,57.72,20000,149957623404.23044
Earth,57.72,20000,149956743946.0218
Earth,57.72,20000,149955872047.16617
Earth,57.72,20000,149955007721.7794
Earth,57.72,20000,149954150983.85812
Earth,57.73,20000,149953301847.27914
Earth,57.73,20000,149952460325.79916
Earth,57.73,20000,149951626433.0541
Earth,57.73,20000,149950800182.55896
Earth,57.73,20000,149949981587.70694
Earth,57.73,20000,149949170661.76944
Earth,57.73,20000,149948367417.8952
Earth,57.74,20000,149947571869.11026
Earth,57.74,20000,149946784028.31723
Earth,57.74,20000,149946003908.29504
Earth,57.74,20000,149945231521.6985
Earth,57.74,20000,149944466881.05765
Earth,57.74,20000,149943709998.7779
Earth,57.74,20000,149942960887.13898
Earth,57.74,20000,149942219558.29514
Earth,57.75,20000,149941486024.2742
Earth,57.75,20000,149940760296.97772
Earth,57.75,20000,149940042388.18036
Earth,57.75,20000,149939332309.5294
Earth,57.75,20000,149938630072.5446
Earth,57.75,20000,149937935688.61783
Earth,57.75,20000,149937249169.0126
Earth,57.75,20000,149936570524.8639
Earth,57.76,20000,149935899767.17764
Earth,57.76,20000,149935236906.8306
Earth,57.76,20000,149934581954.5699
Earth,57.76,20000,149933934921.01285
Earth,57.76,20000,149933295816.64658
Earth,57.76,20000,149932664651.8277
Earth,57.76,20000,149932041436.78214
Earth,57.76,20000,149931426181.60474
Earth,57.76,20000,149930818896.2591
Earth,57.77,20000,149930219590.57724
Earth,57.77,20000,149929628274.2594
Earth,57.77,20000,149929044956.87372
Earth,57.77,20000,149928469647.85602
Earth,57.77,20000,149927902356.5097
Earth,57.77,20000,149927343092.00528
Earth,57.77,20000,149926791863.38034
Earth,57.77,20000,149926248679.53925
Earth,57.77,20000,149925713549.25302
Earth,57.77,20000,149925186481.15894
Earth,57.77,20000,149924667483.76062
Earth,57.78,20000,149924156565.42758
Earth,57.78,20000,149923653734.3952
Earth,57.78,20000,149923158998.76453
Earth,57.78,20000,149922672366.50208
Earth,57.78,20000,149922193845.43958
Earth,57.78,20000,149921723443.27402
Earth,57.78,20000,149921261167.56735
Earth,57.78,20000,149920807025.74634
Earth,57.78,20000,149920361025.10248
Earth,57.78,20000,149919923172.79187
Earth,57.78,20000,149919493475.835
Earth,57.78,20000,149919071941.1166
Earth,57.79,20000,149918658575.38577
Earth,57.79,20000,149918253385.25555
Earth,57.79,20000,149917856377.20297
Earth,57.79,20000,149917467557.56888
Earth,57.79,20000,149917086932.558
Earth,57.79,20000,149916714508.23865
Earth,57.79,20000,149916350290.54266
Earth,57.79,20000,149915994285.26544
Earth,57.79,20000,149915646498.06573
Earth,57.79,20000,149915306934.4657
Earth,57.79,20000,149914975599.85062
Earth,57.79,20000,149914652499.46912
Earth,57.79,20000,149914337638.43277
Earth,57.79,20000,149914031021.71637
Earth,57.79,20000,149913732654.15768
Earth,57.79,20000,149913442540.4573
Earth,57.79,20000,149913160685.179
Earth,57.80,20000,149912887092.74905
Earth,57.80,20000,149912621767.4569
Earth,57.80,20000,149912364713.45462
Earth,57.80,20000,149912115934.75702
Earth,57.80,20000,149911875435.24173
Earth,57.80,20000,149911643218.64902
Earth,57.80,20000,149911419288.5819
Earth,57.80,20000,149911203648.50604
Earth,57.80,20000,149910996301.74973
Earth,57.80,20000,149910797251.50394
Earth,57.80,20000,149910606500.8223
Earth,57.80,20000,149910424052.621
Earth,57.80,20000,149910249909.67902
Earth,57.80,20000,149910084074.6378
Earth,57.80,20000,149909926550.00156
Earth,57.80,20000,149909777338.13712
Earth,57.80,20000,149909636441.27396
Earth,57.80,20000,149909503861.5043
Earth,57.80,20000,149909379600.78302
Earth,57.80,20000,149909263660.92773
Earth,57.80,20000,149909156043.61884
Earth,57.80,20000,149909056750.39944
Earth,57.80,20000,149908965782.67554
Earth,57.80,20000,149908883141.71585
Earth,57.80,20000,149908808828.65213
Earth,57.80,20000,149908742844.47897
Earth,57.80,20000,149908685190.0539
Earth,57.80,20000,149908635866.09744
Earth,57.80,20000,149908594873.19327
Earth,57.80,20000,149908562211.78802
Earth,57.80,20000,149908537882.19156
Earth,57.80,20000,149908521884.57693
Earth,57.80,20000,149908514218.9805
Earth,57.80,20000,149908514885.30185
Earth,57.80,20000,149908523883.30405
Earth,57.80,20000,149908541212.6135
Earth,57.80,20000,149908566872.72025
Earth,57.80,20000,149908600862.9778
Earth,57.80,20000,149908643182.60345
Earth,57.80,20000,149908693830.67813
Earth,57.80,20000,149908752806.1465
Earth,57.95,182030,149822700482.61957
Earth,58.10,182030,149737514416.4066
Earth,58.24,182030,149653307422.23477
Earth,58.39,182030,149570191380.5442
Earth,58.53,182030,149488277078.91663
Earth,58.67,182030,149407674052.8474
Earth,58.81,182030,149328490426.16748
Earth,58.94,182030,149250832751.44748
Earth,59.07,182030,149174805850.73346
Earth,59.20,182030,149100512656.97433
Earth,59.33,182030,149028054056.50378
Earth,59.45,182030,148957528732.93683
Earth,59.57,182030,148889033012.83197
Earth,59.69,182030,148822660713.46252
Earth,59.80,182030,148758502993.0317
Earth,59.91,182030,148696648203.66434
Earth,60.01,182030,148637181747.50693
Earth,60.11,182030,148580185936.2738
Earth,60.21,182030,148525739854.5815
Earth,60.30,182030,148473919227.4187
Earth,60.38,182030,148424796292.10486
Earth,60.46,182030,148378439675.08847
Earth,60.54,182030,148334914273.93475
Earth,60.61,182030,148294281144.84558
Earth,60.68,182030,148256597396.04453
Earth,60.74,182030,148221916087.34732
Earth,60.79,182030,148190286136.22327
Earth,60.84,182030,148161752230.63626
Earth,60.89,182030,148136354748.93597
Earth,60.93,182030,148114129687.05002
Earth,60.96,182030,148095108593.20956
Earth,60.99,182030,148079318510.41983
Earth,61.01,182030,148066781926.8711
Earth,61.03,182030,148057516734.46747
Earth,61.04,182030,148051536195.63953
Earth,61.04,182030,148048848918.59357
Earth,61.04,182030,148049458841.1365
Earth,61.03,182030,148053365223.18558
Earth,61.02,182030,148060562648.01022
Earth,61.00,182030,148071041032.14685
Earth,60.98,182030,148084785643.78702
Earth,60.95,182030,148101777452.6235
Earth,60.91,182030,148121992564.99527
Earth,60.87,182030,148145402539.93286
Earth,60.83,182030,148171974438.93903
Earth,60.77,182030,148201670883.6178
Earth,60.72,182030,148234450121.198
Earth,60.65,182030,148270266097.85303
Earth,60.59,182030,148309068539.58087
Earth,60.51,182030,148350803040.32602
Earth,60.43,182030,148395411156.993
Earth,60.35,182030,148442830511.00095
Earth,60.26,182030,148492994896.0415
Earth,60.17,182030,148545834391.71674
Earth,60.07,182030,148601275482.747
Earth,59.97,182030,148659241183.4464
Earth,59.87,182030,148719651167.16382
Earth,59.76,182030,148782421900.38315
Earth,59.64,182030,148847466781.164
Earth,59.53,182030,148914696281.5899
Earth,59.41,182030,148984018093.87424
Earth,59.28,182030,149055337279.762
Earth,59.15,182030,149128556422.85352
Earth,59.02,182030,149203575783.47308
Earth,58.89,182030,149280293455.70483
Earth,58.75,182030,149358605526.2221
Earth,58.62,182030,149438406234.5446
Earth,58.48,182030,149519588134.3681
Earth,58.33,182030,149602042255.6215
Earth,58.19,182030,149685658266.91925
Earth,58.04,182030,149770324638.08966
Earth,57.89,182030,149855928802.4718
Earth,57.74,182030,149942357318.6872
Earth,57.59,182030,150029496031.60568
Earth,57.44,182030,150117230232.23755
Earth,57.29,182030,150205444816.29785
Earth,57.14,182030,150294024441.2018
Earth,56.99,182030,150382853681.26508
Earth,56.83,182030,150471817180.8951
Earth,56.68,182030,150560799805.5752
Earth,56.53,182030,150649686790.4567
Earth,56.38,182030,150738363886.38876
Earth,56.23,182030,150826717503.23093
Earth,56.07,182030,150914634850.30722
Earth,55.93,182030,151002004073.8758
Earth,55.78,182030,151088714391.50388
Earth,55.63,182030,151174656223.25012
Earth,55.49,182030,151259721319.5734
Earth,55.34,182030,151343802885.89908
Earth,55.20,182030,151426795703.7874
Earth,55.06,182030,151508596248.66122
Earth,54.93,182030,151589102804.06207
Earth,54.79,182030,151668215572.41705
Earth,54.66,182030,151745836782.3133
Earth,54.53,182030,151821870792.29523
Earth,54.41,182030,151896224191.21255
Earth,54.28,182030,151968805895.1431
Earth,54.16,182030,152039527240.866
Earth,54.05,182030,152108302075.75244
Earth,53.93,182030,152175046843.81458
Earth,53.83,182030,152239680667.61386
Earth,53.72,182030,152302125425.8734
Earth,53.62,182030,152362305826.90848
Earth,53.52,182030,152420149478.19727
Earth,53.43,182030,152475586681.5541
Earth,53.34,182030,152528551085.92502
Earth,53.25,182030,152578979429.34436
Earth,53.17,182030,152626811595.30157
Earth,53.10,182030,152671990665.93842
Earth,53.03,182030,152714462972.06744
Earth,52.96,182030,152754178140.0156
Earth,52.90,182030,152791089135.30466
Earth,52.84,182030,152825152303.18942
Earth,52.79,182030,152856327406.0764
Earth,52.74,182030,152884577657.84894
Earth,52.70,182030,152909869755.12415
Earth,52.66,182030,152932173905.4659
Earth,52.63,182030,152951463852.57767
Earth,52.60,182030,152967716898.4957
Earth,52.58,182030,152980913922.80228
Earth,52.56,182030,152991039398.8735
Earth,52.55,182030,152998081407.17462
Earth,52.54,182030,153002031645.61148
Earth,52.54,182030,153002885436.94266
Earth,52.55,182030,153000641733.25262
Earth,52.56,182030,152995303117.48196
Earth,52.57,182030,152986875802.00702
Earth,52.59,182030,152975369624.25613
Earth,52.61,182030,152960798039.34656
Earth,52.64,182030,152943178109.72314
Earth,52.68,182030,152922530491.77658
Earth,52.72,182030,152898879419.41824
Earth,52.76,182030,152872252684.58856
Earth,52.81,182030,152842681614.67618
Earth,52.87,182030,152810201046.82816
Earth,52.93,182030,152774849299.1339
Earth,52.99,182030,152736668138.66815
Earth,53.06,182030,152695702746.37952
Earth,53.13,182030,152652001678.8096
Earth,53.21,182030,152605616826.62265
Earth,53.29,182030,152556603369.91498
Earth,53.38,182030,152505019730.2607
Earth,53.47,182030,152450927519.4347
Earth,53.56,182030,152394391484.73862
Earth,53.66,182030,152335479450.84665
Earth,53.77,182030,152274262258.08304
Earth,53.87,182030,152210813697.048
Earth,53.99,182030,152145210439.521
Earth,54.10,182030,152077531965.5869
Earth,54.22,182030,152007860486.9525
Earth,54.34,182030,151936280866.44336
Earth,54.46,182030,151862880533.69543
Earth,54.59,182030,151787749397.0773
Earth,54.72,182030,151710979751.89932
Earth,54.85,182030,151632666184.97278
Earth,54.99,182030,151552905475.56772
Earth,55.13,182030,151471796492.77103
Earth,55.27,182030,151389440089.16742
Earth,55.41,182030,151305938990.69788
Earth,55.55,182030,151221397682.54254
Earth,55.70,182030,151135922290.96832
Earth,55.84,182030,151049620461.23947
Earth,55.99,182030,150962601231.8263
Earth,56.14,182030,150874974905.1937
Earth,56.29,182030,150786852915.41702
Earth,56.44,182030,150698347692.80328
Earth,56.60,182030,150609572525.64145
Earth,56.75,182030,150520641419.18277
Earth,56.90,182030,150431668951.95282
Earth,57.05,182030,150342770129.51517
Earth,57.21,182030,150254060235.82587
Earth,57.36,182030,150165654682.33774
Earth,57.51,182030,150077668855.03134
Earth,57.66,182030,149990217959.56247
Earth,57.81,182030,149903416864.7283
Earth,57.96,182030,149817379944.4641
Earth,58.11,182030,149732220918.59076
Earth,58.25,182030,149648052692.5433
Earth,58.40,182030,149564987196.31827
Earth,58.54,182030,149483135222.8901
Earth,58.68,182030,149402606266.35806
Earth,58.82,182030,149323508360.1011
Earth,58.95,182030,149245947915.2352
Earth,59.08,182030,149170029559.68564
Earth,59.21,182030,149095855978.20682
Earth,59.34,182030,149023527753.69653
Earth,59.46,182030,148953143210.1661
Earth,59.58,182030,148884798257.7358
Earth,59.69,182030,148818586240.02905
Earth,59.81,182030,148754597784.34543
Earth,59.91,182030,148692920654.9993
Earth,60.02,182030,148633639610.2304
Earth,60.12,182030,148576836263.1225
Earth,60.21,182030,148522588947.0154
Earth,60.30,182030,148470972585.95874
Earth,60.39,182030,148422058570.8313
Earth,60.47,182030,148375914641.82516
Earth,60.54,182030,148332604778.0471
Earth,60.62,182030,148292189094.98697
Earth,60.68,182030,148254723750.50317
Earth,60.74,182030,148220260859.72055
Earth,60.80,182030,148188848418.8046
Earth,60.85,182030,148160530236.98035
Earth,60.89,182030,148135345875.50403
Earth,60.93,182030,148113330591.7741
Earth,60.96,182030,148094515286.61472
Earth,60.99,182030,148078926453.16284
Earth,61.01,182030,148066586126.71436
Earth,61.03,182030,148057511836.0919
Earth,61.04,182030,148051716558.19077
Earth,61.04,182030,148049208678.0016
Earth,61.04,182030,148049991956.45743
Earth,61.03,182030,148054065508.0187
Earth,61.02,182030,148061423789.2227
Earth,61.00,182030,148072056598.73566
Earth,60.98,182030,148085949088.90237
Earth,60.95,182030,148103081788.43695
Earth,60.91,182030,148123430635.7005
Earth,60.87,182030,148146967021.89337
Earth,60.82,182030,148173657843.40265
Earth,60.77,182030,148203465562.50735
Earth,60.71,182030,148236348275.7211
Earth,60.65,182030,148272260111.9304
Earth,60.58,182030,148311150716.74002
Earth,60.51,182030,148352965615.02737
Earth,60.43,182030,148397646306.88702
Earth,60.35,182030,148445130370.16455
Earth,60.26,182030,148495351569.2623
Earth,60.17,182030,148548239969.8311
Earth,60.07,182030,148603722058.94885
Earth,59.97,182030,148661720870.40366
Earth,59.86,182030,148722156114.7248
Earth,59.75,182030,148784944313.62985
Earth,59.64,182030,148849998938.5702
Earth,59.52,182030,148917230553.06516
Earth,59.40,182030,148986546958.51282
Earth,59.28,182030,149057853343.15625
Earth,59.15,182030,149131052433.87457
Earth,59.02,182030,149206044650.45502
Earth,58.89,182030,149282728261.9944
Earth,58.75,182030,149360999545.07315
Earth,58.61,182030,149440752943.34476
Earth,58.47,182030,149521881228.18826
Earth,58.33,182030,149604275660.0782
Earth,58.18,182030,149687826150.33835
Earth,58.04,182030,149772421422.9562
Earth,57.89,182030,149857949176.1499
Earth,57.74,182030,149944296243.39194
Earth,57.59,182030,150031348753.60876
Earth,57.44,182030,150118992290.28976
Earth,57.29,182030,150207112049.2515
Earth,57.14,182030,150295592994.8199
Earth,56.98,182030,150384320014.20435
Earth,56.83,182030,150473178069.85352
Earth,56.68,182030,150562052349.59573
Earth,56.53,182030,150650828414.38116
Earth,56.37,182030,150739392343.45703
Earth,56.22,182030,150827630876.82037
Earth,56.07,182030,150915431554.80795
Earth,55.92,182030,151002682854.6959
Earth,55.78,182030,151089274324.1965
Earth,55.63,182030,151175096711.75275
Earth,55.49,182030,151260042093.54623
Earth,55.34,182030,151344003997.14667
Earth,55.20,182030,151426877521.74628
Earth,55.06,182030,151508559454.93365
Earth,54.93,182030,151588948385.97467
Earth,54.79,182030,151667944815.57782
Earth,54.66,182030,151745451262.13077
Earth,54.53,182030,151821372364.401
Earth,54.41,182030,151895614980.70074
Earth,54.28,182030,151968088284.52393
Earth,54.16,182030,152038703856.67294
Earth,54.05,182030,152107375773.90768
Earth,53.94,182030,152174020694.16098
Earth,53.83,182030,152238557938.35614
Earth,53.72,182030,152300909568.80872
Earth,53.62,182030,152361000464.08826
Earth,53.52,182030,152418758390.10342
Earth,53.43,182030,152474114067.16705
Earth,53.34,182030,152527001232.9595
Earth,53.26,182030,152577356701.56262
Earth,53.18,182030,152625120418.90073
Earth,53.10,182030,152670235514.91797
Earth,53.03,182030,152712648352.69794
Earth,52.96,182030,152752308297.5732
Earth,52.90,182030,152789168361.8752
Earth,52.84,182030,152823184922.0991
Earth,52.79,182030,152854317756.02133
Earth,52.74,182030,152882530076.81274
Earth,52.70,182030,152907788564.1509
Earth,52.67,182030,152930063392.34573
Earth,52.63,182030,152949328255.49356
Earth,52.61,182030,152965560389.67654
Earth,52.58,182030,152978740592.2239
Earth,52.57,182030,152988853238.0496
Earth,52.56,182030,152995886293.07895
Earth,52.55,182030,152999831324.77438
Earth,52.55,182030,153000683509.76602
Earth,52.55,182030,152998441638.5913
Earth,52.56,182030,152993108117.54193
Earth,52.57,182030,152984688967.6144
Earth,52.59,182030,152973193820.5554
Earth,52.62,182030,152958635911.98907
Earth,52.65,182030,152941032071.6104
Earth,52.68,182030,152920402710.42368
Earth,52.72,182030,152896771805.00317
Earth,52.77,182030,152870166878.7499
Earth,52.82,182030,152840618980.1168
Earth,52.87,182030,152808162657.7744
Earth,52.93,182030,152772835932.69037
Earth,52.99,182030,152734680267.0975
Earth,53.06,182030,152693740530.33038
Earth,53.13,182030,152650064961.5121
Earth,53.21,182030,152603705129.07782
Earth,53.30,182030,152554715887.122
Earth,53.38,182030,152503155328.55374
Earth,53.47,182030,152449084735.03793
Earth,53.57,182030,152392568523.68854
Earth,53.67,182030,152333674190.46506
Earth,53.77,182030,152272472250.2081
Earth,53.88,182030,152209036173.236
Earth,53.99,182030,152143442318.41678
Earth,54.10,182030,152075769862.62872
Earth,54.22,182030,152006100726.5286
Earth,54.34,182030,151934519496.56036
Earth,54.47,182030,151861113343.1536
Earth,54.59,182030,151785971935.07812
Earth,54.72,182030,151709187349.9425
Earth,54.86,182030,151630853980.84027
Earth,54.99,182030,151551068439.16754
Earth,55.13,182030,151469929453.65335
Earth,55.27,182030,151387537765.6617
Earth,55.41,182030,151303996020.83344
Earth,55.56,182030,151219408657.13074
Earth,55.70,182030,151133881789.31088
Earth,55.85,182030,151047523089.79135
Earth,56.00,182030,150960441665.79538
Earth,56.15,182030,150872747932.63992
Earth,56.30,182030,150784553483.09033
Earth,56.45,182030,150695970952.85092
Earth,56.60,182030,150607113882.41418
Earth,56.75,182030,150518096575.57465
Earth,56.91,182030,150429033954.90707
Earth,57.06,182030,150340041414.4484
Earth,57.21,182030,150251234669.76547
Earth,57.36,182030,150162729605.55887
Earth,57.52,182030,150074642120.95093
Earth,57.67,182030,149987087972.62338
Earth,57.82,182030,149900182615.9934
Earth,57.97,182030,149814041044.64133
Earth,58.11,182030,149728777628.22662
Earth,58.26,182030,149644505949.14612
Earth,58.40,182030,149561338638.2067
Earth,58.55,182030,149479387209.5984
Earth,58.68,182030,149398761895.46698
Earth,58.82,182030,149319571480.40012
Earth,58.96,182030,149241923136.15286
Earth,59.09,182030,149165922256.95612
Earth,59.22,182030,149091672295.76593
Earth,59.34,182030,149019274601.83044
Earth,59.47,182030,148948828259.96658
Earth,59.59,182030,148880429931.95218
Earth,59.70,182030,148814173700.4477
Earth,59.81,182030,148750150915.86234
Earth,59.92,182030,148688450046.57187
Earth,60.03,182030,148629156532.88208
Earth,60.12,182030,148572352645.11182
Earth,60.22,182030,148518117346.15015
Earth,60.31,182030,148466526158.8216
Earth,60.40,182030,148417651038.37872
Earth,60.48,182030,148371560250.42892
Earth,60.55,182030,148328318254.594
Earth,60.62,182030,148287985594.19443
Earth,60.69,182030,148250618792.24496
Earth,60.75,182030,148216270254.03854
Earth,60.80,182030,148184988176.58682
Earth,60.85,182030,148156816465.17084
Earth,60.90,182030,148131794657.23883
Earth,60.94,182030,148109957853.86755
Earth,60.97,182030,148091336658.98123
Earth,61.00,182030,148075957126.49686
Earth,61.02,182030,148063840715.5398
Earth,61.03,182030,148055004253.84607
Earth,61.04,182030,148049459909.4424
Earth,61.05,182030,148047215170.66895
Earth,61.04,182030,148048272834.58478
Earth,61.04,182030,148052631003.77267
Earth,61.02,182030,148060283091.53717
Earth,61.00,182030,148071217835.4699
Earth,60.98,182030,148085419319.33707
Earth,60.95,182030,148102867003.23087
Earth,60.91,182030,148123535761.91397
Earth,60.87,182030,148147395931.28146
Earth,60.82,182030,148174413362.85754
Earth,60.77,182030,148204549486.22974
Earth,60.71,182030,148237761379.27866
Earth,60.65,182030,148274001845.96503
Earth,60.58,182030,148313219501.28857
Earth,60.50,182030,148355358862.89413
Earth,60.43,182030,148400360448.77396
Earth,60.34,182030,148448160880.66486
Earth,60.25,182030,148498692992.96698
Earth,60.16,182030,148551886268.85086
Earth,60.06,182030,148607666363.82928
Earth,59.96,182030,148665955503.22128
Earth,59.85,182030,148726672611.9273
Earth,59.74,182030,148789733448.63745
Earth,59.63,182030,148855050744.05936
Earth,59.51,182030,148922534342.78925
Earth,59.39,182030,148992091348.5013
Earth,59.27,182030,149063626272.18246
Earth,59.14,182030,149137041183.19455
Earth,59.01,182030,149212235863.0052
Earth,58.88,182030,149289107961.49487
Earth,58.74,182030,149367553155.82547
Earth,58.60,182030,149447465311.93173
Earth,58.46,182030,149528736648.76065
Earth,58.32,182030,149611257905.3931
Earth,58.17,182030,149694918511.0905
Earth,58.03,182030,149779606758.06168
Earth,57.88,182030,149865209976.3064
Earth,57.73,182030,149951614709.29535
Earth,57.58,182030,150038706888.61264
Earth,57.43,182030,150126372005.24594
Earth,57.28,182030,150214495275.2037
Earth,57.12,182030,150302961797.70398
Earth,56.97,182030,150391656705.22086
Earth,56.82,182030,150480465305.8749
Earth,56.67,182030,150569273219.6121
Earth,56.51,182030,150657966510.05933
Earth,56.36,182030,150746431813.84332
Earth,56.21,182030,150834556468.67398
Earth,56.06,182030,150922228640.87802
Earth,55.91,182030,151009337452.51285
Earth,55.77,182030,151095773107.8052
Earth,55.62,182030,151181427018.44968
Earth,55.48,182030,151266191927.2385
Earth,55.33,182030,151349962029.5203
Earth,55.19,182030,151432633092.06027
Earth,55.05,182030,151514102568.96194
Earth,54.92,182030,151594269714.39798
Earth,54.78,182030,151673035691.97192
Earth,54.65,182030,151750303680.59277
Earth,54.52,182030,151825978976.79178
Earth,54.40,182030,151899969093.4446
Earth,54.28,182030,151972183854.88535
Earth,54.16,182030,152042535488.41394
Earth,54.04,182030,152110938712.2073
Earth,53.93,182030,152177310819.6492
Earth,53.82,182030,152241571760.10217
Earth,53.72,182030,152303644216.15417
Earth,53.62,182030,152363453677.38965
Earth,53.52,182030,152420928510.7475
Earth,53.43,182030,152476000027.51978